60279.2 67331.4 56633.3 60811.3 73374.5 66704.7 71979.1 71427.7 57368.2 77109.0 78949.2 76739.4 82596.2 81279.9 69687.8 63209.3 64080.0 67221.9 81666.2 59439.4 66113.1 66523.0 76530.0 76081.1 86064.0 64703.8 68219.3 82739.9 75858.1 51775.2 52033.6 75431.9
62787.8 77804.7 76427.6 73717.8 90963.2 74125.8 96060.7 73474.1 66720.4 92853.1 85629.5 84476.2 93636.7 92944.6 80137.7 68388.7 69942.9 78725.6 85618.6 71706.2 72729.9 79649.9 91319.7 83248.7 96637.5 92731.9 80271.2 94238.0 74995.5 62520.9 66162.4 76796.3
58343.8 67662.5 57325.7 57463.6 78322.0 57996.1 76328.6 62307.8 63345.9 79102.4 75503.9 71239.8 77945.4 74632.7 59101.4 65810.9 57598.9 63019.5 78396.4 59046.0 62391.5 56149.9 68880.2 63668.8 77482.0 72685.5 57398.9 83270.6 70094.9 62513.8 44945.9 61917.6
65116.1 73441.5 70333.1 61170.4 81065.5 72297.5 77137.3 67358.2 69491.1 91903.1 81233.9 75575.7 92197.5 84389.9 66599.1 76761.1 60689.6 74724.9 84695.5 62931.1 71895.9 71335.8 80238.1 78533.0 87222.4 80001.6 68872.4 95597.4 68219.8 64244.8 60306.6 75501.0
73297.5 88327.8 76795.1 81119.1 95371.8 85730.1 96954.8 83247.3 76364.2 96245.9 96574.0 87873.4 94891.4 96843.6 82682.7 81194.4 75000.2 97531.8 97449.5 80982.5 72351.3 73125.2 86018.9 85472.1 108844.6 88394.1 84500.0 104503.1 97075.4 81261.5 67375.9 86511.0
70627.6 74838.8 67825.9 71831.0 89418.5 77551.9 86571.2 77988.9 64601.4 83963.4 80239.7 84658.8 85669.7 86132.6 84912.5 80297.0 71568.5 79631.4 85657.1 76272.3 69963.2 69044.3 76901.0 73652.6 99143.4 81389.3 67863.7 91102.9 76072.5 65668.0 60146.1 81180.9
70041.4 86499.7 74131.9 72029.2 101789.2 81030.1 90794.6 82540.7 77246.6 99953.0 92739.7 83222.6 96031.7 87697.3 81595.1 73541.6 82554.1 79026.9 91667.0 78326.8 75635.9 79954.8 90874.9 78260.8 94458.7 88808.8 78810.7 99603.9 82741.6 65218.8 61322.1 81416.6
71921.3 80663.7 75841.6 64324.3 90499.4 80236.3 85823.8 71942.0 74940.1 100933.8 82483.4 73614.4 94463.7 89627.1 75543.0 74302.1 67259.7 67863.2 88202.3 70803.0 68250.7 75370.4 83935.3 77787.8 92142.0 79575.0 71958.4 87168.9 67846.5 64986.0 67860.0 72517.7
56352.0 58714.9 60123.1 58303.4 74249.3 60828.0 72748.5 66695.4 59263.8 69658.2 70701.4 68666.4 70445.5 71657.8 66791.5 63239.3 57934.3 67744.6 72611.8 66377.8 62138.5 61396.7 75340.9 67284.1 79317.9 63218.9 62369.2 80600.5 67040.8 53163.1 46632.7 60869.7
76647.0 85392.2 74112.2 70304.1 84729.0 77964.9 84497.4 80480.7 70373.9 89701.4 92285.4 84990.2 91560.2 93053.2 81124.0 86058.8 69240.9 89471.3 93693.7 71966.8 74627.6 62741.4 76892.9 83573.6 105318.7 75793.1 77284.7 101772.8 92277.4 78194.7 64622.2 77479.8
62658.4 68148.2 72909.3 58318.8 78314.6 76800.9 81081.5 78672.7 60122.7 81319.8 75152.9 80037.0 75225.2 82889.8 80785.6 67002.5 69269.4 69487.3 76002.8 62131.5 71692.0 65104.7 78705.3 73271.8 95635.9 74028.2 75133.8 77369.7 74472.4 58707.2 64771.5 74637.6
57456.8 66453.6 58350.8 53581.4 70321.8 67143.2 63794.0 73180.8 57035.2 76504.5 74041.6 71117.5 78411.8 78502.4 73255.8 56606.8 61947.6 57139.6 74922.3 56642.0 69204.8 65412.8 73124.8 68117.4 77039.3 58052.6 54377.7 80051.8 68963.9 46698.8 51480.2 65231.7
63846.7 77675.3 69772.4 56828.3 82220.4 81822.6 76564.3 77162.2 67061.8 84147.3 81892.5 82786.0 86303.5 89619.3 80201.7 67357.9 81553.5 73755.7 86774.2 69810.8 70545.9 65611.9 77921.5 77030.5 93569.4 67519.8 76278.6 84652.3 83066.6 59214.3 65901.8 79716.9
52698.2 63665.2 63499.7 46780.3 73282.4 69720.6 65374.2 53936.3 60992.2 82260.5 65368.3 76375.6 75736.3 72123.3 61393.7 62377.9 56970.8 65033.2 74293.1 50515.4 59063.7 54795.6 69920.2 70977.7 76824.2 66390.4 65200.9 81983.9 70928.4 51239.1 48693.6 62312.9
74185.1 95754.8 70933.7 80563.8 98987.1 89144.2 94885.3 84644.5 73003.5 94199.7 91870.9 92945.9 102925.2 96747.4 88093.8 92990.2 84234.1 88251.6 93939.6 80936.8 77396.9 79660.1 88258.8 92280.0 114335.7 94810.7 88616.0 103554.2 87520.3 72927.9 71841.9 98513.4
72179.8 81331.5 81567.6 64492.6 92641.5 87793.1 92618.2 82303.7 73831.4 95792.0 80978.1 90637.1 90880.1 90087.7 82512.5 76005.9 75348.4 88737.9 87932.6 70906.5 81034.0 67381.6 85367.3 82588.8 96834.5 86800.4 77024.9 87784.3 85668.6 75171.0 64827.5 88220.1
73823.1 75522.0 76492.0 62361.9 85690.9 78020.9 84408.3 73597.0 75428.3 88846.2 86623.9 82228.5 88827.6 86439.2 80495.4 78211.0 65511.5 74346.3 87468.7 67206.6 71497.0 72759.5 92785.3 87380.9 98596.3 71441.7 73343.0 98240.6 80029.9 64325.5 62456.4 72887.9
83231.8 75382.5 89166.9 64836.7 93783.5 88909.5 94815.7 84355.1 79520.8 104159.2 86923.3 83668.7 93473.6 95642.8 84835.8 78845.9 76114.1 91639.9 92048.3 73817.6 82552.7 70558.1 85863.7 83259.6 108533.5 77472.4 80206.1 93710.1 84893.0 77105.2 69405.9 80830.9
68339.1 81128.7 71747.8 57579.3 80523.5 78436.5 74386.5 72107.0 70097.3 89213.3 87344.1 79589.5 89136.4 92095.5 78346.8 80525.2 72189.5 77097.1 92549.6 74122.5 70005.5 75360.5 78265.9 85140.6 93830.2 76690.0 82427.1 99228.5 82485.4 65700.2 59082.2 71860.2
63030.5 75157.9 70697.8 56756.3 83018.3 81426.4 68536.7 79201.4 64042.8 81983.6 79511.8 70249.4 84448.8 78590.5 80305.2 69259.7 70854.8 64947.5 73145.8 62412.9 68231.5 67271.1 80276.1 79484.8 88914.5 66262.7 70831.6 74632.2 75657.5 60893.0 59241.9 72234.0
78238.5 95843.2 86612.6 81577.1 98956.1 93905.6 94592.1 88430.9 87377.8 110233.3 106891.9 101633.9 100309.2 98976.8 87061.1 87537.9 74106.6 89360.8 98008.4 72941.2 85956.1 80635.3 99852.9 84633.1 109764.5 89773.1 87079.3 119203.3 96244.3 78283.7 73473.3 82921.1
79036.3 90808.6 79266.6 79443.2 95362.2 83146.0 89194.0 88126.3 81501.1 100617.8 107643.3 86952.4 103190.9 101212.4 90088.0 81881.0 81677.8 81512.5 100950.8 78944.0 77354.8 84691.6 92673.5 81937.4 103522.4 87609.1 89065.7 103193.6 86092.0 74642.7 65311.5 85139.1
73383.4 83939.7 82957.4 70817.9 93650.5 87410.2 87127.7 81054.2 77049.2 110399.2 93077.7 88015.4 97560.6 93778.9 84338.0 72772.9 74517.8 75329.4 93437.0 69946.1 78126.6 80777.4 88513.9 82273.7 97011.0 91900.6 85076.2 102766.0 82493.0 64930.3 60861.6 67920.5
68562.5 86315.9 66050.1 65455.1 81476.6 78806.5 81488.3 76101.1 70316.2 89216.0 89237.2 88969.6 88575.9 92921.6 75098.1 72959.9 69697.4 80798.6 94180.5 71375.6 76755.9 76276.5 87339.4 84928.1 93707.1 81179.5 74376.5 105354.1 88883.1 64457.9 54948.0 77045.5
82753.2 94218.8 90169.9 79042.2 91479.2 93430.2 99544.2 91999.7 71788.0 104550.0 96751.7 92735.6 102115.1 108282.1 96557.6 81759.5 76906.0 91380.0 99339.0 78253.0 77091.4 90840.1 97249.2 93425.1 114946.0 91828.3 95904.0 106244.2 90958.8 71354.7 76967.6 89443.6
71491.6 83541.6 66863.1 79576.9 84756.0 70904.6 92984.5 92688.5 68752.7 88236.5 90466.6 83079.8 89992.6 98506.9 92429.3 72849.1 72750.3 75413.0 92683.5 79591.6 74658.3 76590.3 79860.0 79491.2 104791.8 81486.7 79772.8 88457.0 84116.9 67243.1 57841.6 73346.6
71075.0 78577.4 70758.6 64051.2 84811.3 67548.6 81921.5 66780.4 69378.5 83744.8 89279.9 75900.7 88905.9 85828.9 77167.8 80308.0 62262.9 69874.2 86231.3 67507.5 67873.6 71015.1 81709.9 80201.7 93418.8 77825.2 72345.5 90697.0 75589.7 72148.5 60630.0 76009.3
62376.2 69997.8 68058.5 55931.3 79030.1 73304.4 86735.1 76836.2 65642.0 85629.0 83892.3 73462.2 74240.5 87179.6 75131.6 73166.2 66134.3 69998.1 84226.7 64150.4 71051.2 68224.4 79495.3 77514.4 98122.8 72550.6 69150.6 77994.7 78601.3 65653.8 63062.8 71728.5
75331.5 81805.5 83886.6 61200.7 87098.8 82973.9 86995.1 74356.2 69145.9 100034.8 90318.7 83364.4 97784.5 103774.9 80455.5 72164.5 67662.0 81381.4 93955.8 70313.8 73072.1 85985.6 93802.5 81781.0 98624.6 73877.2 78054.2 102046.5 78591.7 64604.7 75798.9 75808.2
75304.3 102848.0 80618.0 77745.6 101738.7 100221.0 92311.9 95182.5 86630.3 110159.8 101834.7 98239.8 101297.2 104523.8 86027.1 88889.8 87861.7 86480.5 102891.0 85843.1 88243.7 83412.7 96113.9 95381.4 112631.3 101754.7 96327.9 115990.0 99764.7 78494.7 72080.7 88471.6
83980.0 106430.1 84628.2 94965.8 113352.4 98015.6 107283.1 102369.3 92457.5 107913.5 110608.1 101782.5 112319.5 109301.5 98340.7 96723.2 94227.0 91417.0 106350.0 92255.6 94408.3 84236.9 109413.1 105830.8 128080.7 105350.4 94904.1 113880.9 103250.3 87114.7 75212.8 102989.6
72241.4 72957.5 67791.4 64578.6 80077.8 74286.6 77810.6 80925.8 68313.3 83650.8 84178.0 75876.5 81278.8 87485.3 83581.4 69123.8 69935.1 71612.7 88126.5 67627.5 64735.1 61617.1 73577.4 71157.0 93835.9 66197.7 77420.4 85036.5 81848.9 64118.7 51434.6 65207.5
