60279.1 67331.4 56633.3 60811.3 73374.5 66704.7 71979.1 71427.7 57368.2 77109 78949.2 76739.4 82596.2 81279.9 69687.8 63209.3 64080 67221.9 81666.2 59439.4 66113.1 66523 76529.9 76081.1 86064 64703.8 68219.3 82739.9 75858.1 51775.2 52033.6 75431.9 
62787.8 77804.7 76427.6 73717.8 90963.2 74125.8 96060.7 73474.2 66720.4 92853.1 85629.5 84476.1 93636.7 92944.7 80137.7 68388.7 69942.9 78725.6 85618.6 71706.2 72729.9 79649.9 91319.7 83248.6 96637.5 92731.9 80271.2 94238 74995.4 62520.9 66162.5 76796.3 
58343.8 67662.5 57325.7 57463.6 78322 57996.1 76328.6 62307.8 63345.9 79102.4 75503.9 71239.8 77945.4 74632.7 59101.4 65810.9 57598.9 63019.5 78396.4 59046 62391.5 56149.9 68880.2 63668.8 77482 72685.5 57398.9 83270.6 70094.9 62513.8 44945.9 61917.6 
65116.1 73441.5 70333.1 61170.4 81065.5 72297.5 77137.3 67358.2 69491.1 91903.1 81233.9 75575.7 92197.5 84389.9 66599.1 76761 60689.6 74724.8 84695.5 62931.1 71895.9 71335.8 80238.1 78533 87222.4 80001.6 68872.4 95597.4 68219.8 64244.8 60306.7 75501 
73297.5 88327.7 76795.1 81119.1 95371.8 85730.1 96954.8 83247.3 76364.2 96245.9 96574 87873.4 94891.3 96843.6 82682.7 81194.4 75000.2 97531.8 97449.5 80982.5 72351.3 73125.2 86018.9 85472.1 108845 88394.1 84500 104503 97075.3 81261.5 67375.9 86511 
70627.6 74838.8 67825.9 71831 89418.5 77551.9 86571.2 77988.9 64601.4 83963.4 80239.7 84658.8 85669.7 86132.6 84912.5 80297 71568.5 79631.4 85657.1 76272.3 69963.2 69044.3 76901 73652.6 99143.4 81389.3 67863.7 91102.9 76072.5 65668 60146.1 81180.9 
70041.4 86499.7 74131.9 72029.2 101789 81030.1 90794.6 82540.7 77246.6 99953 92739.7 83222.6 96031.7 87697.3 81595.1 73541.6 82554.1 79026.9 91667 78326.8 75635.9 79954.8 90874.9 78260.8 94458.7 88808.8 78810.7 99603.9 82741.6 65218.8 61322.1 81416.6 
71921.3 80663.7 75841.6 64324.3 90499.4 80236.3 85823.8 71942 74940.1 100934 82483.4 73614.4 94463.7 89627.1 75543 74302.1 67259.7 67863.2 88202.3 70803 68250.7 75370.4 83935.3 77787.8 92142 79575 71958.4 87168.8 67846.5 64986 67860 72517.7 
56352 58714.9 60123.1 58303.4 74249.3 60828 72748.5 66695.4 59263.8 69658.2 70701.4 68666.4 70445.5 71657.8 66791.5 63239.3 57934.3 67744.6 72611.8 66377.8 62138.5 61396.7 75340.9 67284.1 79317.9 63219 62369.2 80600.5 67040.8 53163.1 46632.7 60869.7 
76647 85392.2 74112.2 70304.1 84729 77964.8 84497.4 80480.7 70373.9 89701.4 92285.4 84990.2 91560.2 93053.2 81124 86058.8 69240.9 89471.3 93693.7 71966.8 74627.7 62741.4 76893 83573.6 105319 75793.1 77284.7 101773 92277.4 78194.8 64622.3 77479.8 
62658.4 68148.2 72909.3 58318.8 78314.6 76800.9 81081.5 78672.8 60122.7 81319.8 75152.9 80037 75225.2 82889.8 80785.6 67002.5 69269.4 69487.3 76002.8 62131.4 71692.1 65104.7 78705.3 73271.8 95635.9 74028.2 75133.8 77369.7 74472.4 58707.2 64771.4 74637.6 
57456.8 66453.6 58350.8 53581.4 70321.8 67143.2 63794 73180.8 57035.2 76504.5 74041.6 71117.5 78411.8 78502.4 73255.8 56606.8 61947.6 57139.6 74922.3 56642 69204.8 65412.8 73124.8 68117.4 77039.3 58052.6 54377.7 80051.8 68964 46698.8 51480.2 65231.7 
63846.7 77675.3 69772.4 56828.3 82220.4 81822.6 76564.3 77162.2 67061.8 84147.3 81892.5 82786 86303.5 89619.3 80201.7 67357.9 81553.5 73755.7 86774.2 69810.8 70545.8 65611.9 77921.5 77030.6 93569.4 67519.8 76278.6 84652.3 83066.6 59214.3 65901.8 79716.9 
52698.2 63665.2 63499.7 46780.3 73282.4 69720.6 65374.2 53936.3 60992.2 82260.5 65368.3 76375.6 75736.3 72123.3 61393.7 62377.9 56970.8 65033.2 74293.1 50515.3 59063.7 54795.6 69920.2 70977.7 76824.2 66390.4 65200.9 81983.9 70928.4 51239.1 48693.6 62312.9 
74185.1 95754.8 70933.7 80563.8 98987.1 89144.2 94885.3 84644.5 73003.5 94199.7 91870.9 92945.9 102925 96747.4 88093.8 92990.2 84234.1 88251.6 93939.6 80936.8 77396.9 79660.1 88258.8 92280 114336 94810.7 88616 103554 87520.3 72927.9 71841.9 98513.4 
72179.7 81331.5 81567.6 64492.6 92641.5 87793.1 92618.2 82303.7 73831.4 95792 80978.1 90637.1 90880 90087.7 82512.5 76005.9 75348.4 88737.9 87932.6 70906.5 81034 67381.6 85367.3 82588.8 96834.5 86800.4 77024.9 87784.3 85668.6 75171 64827.5 88220.1 
73823.1 75522 76492 62361.9 85690.9 78020.9 84408.3 73597 75428.3 88846.2 86623.9 82228.5 88827.6 86439.2 80495.4 78211 65511.5 74346.3 87468.7 67206.6 71497 72759.5 92785.3 87381 98596.3 71441.7 73343 98240.6 80029.9 64325.5 62456.4 72887.9 
83231.7 75382.5 89166.9 64836.7 93783.4 88909.5 94815.7 84355.1 79520.8 104159 86923.2 83668.7 93473.6 95642.8 84835.8 78845.9 76114.1 91639.9 92048.3 73817.6 82552.7 70558.1 85863.7 83259.7 108533 77472.4 80206.1 93710.1 84893 77105.1 69405.9 80830.9 
68339.1 81128.7 71747.8 57579.3 80523.5 78436.5 74386.5 72107 70097.3 89213.3 87344.1 79589.5 89136.4 92095.5 78346.8 80525.2 72189.5 77097.1 92549.6 74122.5 70005.5 75360.5 78265.9 85140.6 93830.2 76690 82427.1 99228.5 82485.4 65700.2 59082.2 71860.2 
63030.5 75157.9 70697.8 56756.3 83018.3 81426.4 68536.7 79201.4 64042.8 81983.6 79511.8 70249.4 84448.8 78590.5 80305.2 69259.7 70854.8 64947.5 73145.8 62412.9 68231.5 67271.1 80276.1 79484.8 88914.6 66262.7 70831.6 74632.2 75657.5 60893 59241.9 72234 
78238.5 95843.2 86612.6 81577.1 98956.1 93905.6 94592.1 88430.9 87377.8 110233 106892 101634 100309 98976.8 87061.1 87537.9 74106.6 89360.8 98008.4 72941.2 85956.1 80635.3 99852.9 84633.1 109765 89773.1 87079.3 119203 96244.3 78283.7 73473.3 82921.1 
79036.3 90808.6 79266.6 79443.2 95362.2 83146 89194 88126.3 81501.1 100618 107643 86952.4 103191 101212 90088 81881 81677.8 81512.5 100951 78944.1 77354.9 84691.6 92673.5 81937.4 103522 87609.1 89065.7 103194 86092 74642.7 65311.5 85139.1 
73383.4 83939.7 82957.4 70817.9 93650.5 87410.2 87127.7 81054.2 77049.2 110399 93077.7 88015.3 97560.6 93778.9 84338 72772.9 74517.8 75329.4 93437 69946.1 78126.6 80777.4 88513.9 82273.7 97011 91900.6 85076.2 102766 82493 64930.3 60861.6 67920.5 
68562.5 86315.9 66050.1 65455.1 81476.6 78806.5 81488.3 76101.1 70316.2 89216 89237.2 88969.6 88575.9 92921.6 75098.1 72959.9 69697.4 80798.6 94180.5 71375.6 76755.9 76276.5 87339.4 84928.1 93707.1 81179.5 74376.6 105354 88883.1 64457.9 54948 77045.5 
82753.2 94218.8 90169.9 79042.2 91479.2 93430.2 99544.2 91999.7 71788 104550 96751.7 92735.6 102115 108282 96557.6 81759.5 76906 91380 99339 78253 77091.4 90840.1 97249.2 93425.1 114946 91828.4 95904.1 106244 90958.8 71354.7 76967.6 89443.6 
71491.6 83541.6 66863.1 79576.9 84756 70904.6 92984.5 92688.5 68752.7 88236.5 90466.7 83079.8 89992.6 98506.9 92429.3 72849.1 72750.3 75413 92683.5 79591.6 74658.3 76590.3 79860 79491.2 104792 81486.7 79772.8 88457 84116.9 67243.1 57841.6 73346.6 
71075 78577.4 70758.6 64051.2 84811.3 67548.6 81921.4 66780.4 69378.5 83744.8 89279.8 75900.7 88905.9 85828.9 77167.8 80308 62262.9 69874.3 86231.3 67507.5 67873.6 71015.1 81709.9 80201.7 93418.7 77825.2 72345.5 90697.1 75589.7 72148.5 60630 76009.3 
62376.2 69997.8 68058.5 55931.3 79030.1 73304.4 86735.1 76836.2 65642.1 85629 83892.3 73462.2 74240.5 87179.6 75131.6 73166.2 66134.3 69998.1 84226.7 64150.4 71051.2 68224.4 79495.3 77514.4 98122.8 72550.6 69150.6 77994.7 78601.3 65653.8 63062.8 71728.5 
75331.5 81805.5 83886.6 61200.7 87098.8 82973.9 86995.1 74356.2 69145.9 100035 90318.7 83364.4 97784.5 103775 80455.5 72164.5 67662 81381.4 93955.7 70313.8 73072.1 85985.6 93802.5 81781 98624.6 73877.2 78054.2 102047 78591.7 64604.7 75798.9 75808.2 
75304.4 102848 80618 77745.6 101739 100221 92311.9 95182.5 86630.3 110160 101835 98239.7 101297 104524 86027.1 88889.8 87861.7 86480.5 102891 85843.1 88243.7 83412.7 96113.9 95381.4 112631 101755 96327.9 115990 99764.7 78494.7 72080.7 88471.6 
83980 106430 84628.2 94965.8 113352 98015.6 107283 102369 92457.5 107914 110608 101782 112320 109301 98340.7 96723.2 94227 91417 106350 92255.6 94408.3 84236.9 109413 105831 128081 105350 94904.1 113881 103250 87114.7 75212.8 102990 
72241.4 72957.5 67791.4 64578.6 80077.8 74286.6 77810.6 80925.8 68313.3 83650.8 84178 75876.6 81278.8 87485.3 83581.4 69123.8 69935.1 71612.7 88126.5 67627.5 64735.1 61617.1 73577.4 71157 93836 66197.7 77420.4 85036.5 81848.9 64118.7 51434.6 65207.5 