84.5 74.9 169.1 128.9 94.8 131.3 115.2 95.0 81.3 126.8 61.1 27.4 122.9 111.4 48.7 56.0 108.7 178.9 127.3 102.8 70.1 21.9 170.7 96.2 85.9 96.4 93.3 68.0 63.9 131.5 121.4 144.9
147.3 23.4 70.0 83.4 114.7 88.3 151.0 53.0 40.1 59.3 52.3 132.4 103.3 139.7 86.4 91.2 20.7 96.8 94.3 126.2 104.7 115.3 130.1 102.7 148.0 35.9 51.1 83.9 101.9 87.6 54.9 132.5
51.2 151.3 15.5 153.6 26.5 115.5 49.2 112.4 74.8 72.6 74.3 91.5 68.4 72.6 115.1 104.2 43.6 139.4 148.3 104.3 108.3 89.9 15.7 78.8 110.2 85.5 149.6 111.6 88.8 85.6 27.8 59.8
72.3 99.2 100.1 29.5 80.5 155.3 166.6 70.1 80.1 61.9 114.4 77.5 99.8 179.1 141.2 65.7 100.5 112.8 80.3 11.3 55.1 86.6 117.8 85.9 157.4 43.6 120.0 64.5 32.9 106.4 127.4 120.0
180.6 161.7 182.5 65.1 150.8 164.4 41.4 68.8 110.0 162.8 82.4 108.6 112.4 150.6 83.9 33.5 176.9 36.3 161.4 153.3 117.4 83.4 87.6 88.3 120.4 73.4 102.3 147.1 155.3 56.0 79.9 22.4
94.6 151.7 147.6 61.3 124.4 150.5 56.2 67.0 24.5 99.8 45.0 157.9 171.1 67.6 107.4 180.1 122.3 97.6 114.6 150.2 62.2 176.4 99.5 124.8 59.7 122.8 141.0 96.0 72.4 78.3 92.3 147.7
70.9 114.4 78.3 47.5 89.5 118.7 66.0 101.2 87.4 141.7 66.9 131.7 75.5 113.4 61.1 156.9 23.1 89.6 83.7 58.2 173.9 117.0 39.3 73.7 184.2 171.5 131.6 104.3 128.9 127.3 159.8 141.0
51.7 82.5 48.0 118.1 157.1 123.3 108.7 156.1 112.4 99.8 123.8 73.0 89.3 71.2 174.0 45.5 140.8 105.7 67.8 92.2 74.1 160.9 92.7 71.0 100.5 49.1 54.8 38.4 80.8 57.1 41.0 84.5
82.4 103.7 83.7 38.5 80.5 138.0 20.1 95.1 49.9 112.5 77.7 71.0 151.4 81.8 5.8 152.7 63.8 22.7 96.6 50.7 104.8 81.6 104.7 160.9 145.4 112.4 45.9 75.6 86.6 145.9 24.4 89.6
49.2 120.0 102.1 88.2 88.6 26.4 111.6 166.2 100.4 82.0 89.7 82.9 114.5 159.2 82.0 21.6 161.8 113.8 103.0 125.6 174.2 78.4 18.1 94.0 139.0 107.0 132.1 105.7 95.0 77.5 24.1 74.9
78.0 95.4 49.5 103.7 134.6 144.8 91.0 99.5 87.9 89.7 55.2 54.8 181.0 47.7 85.7 145.3 154.5 23.2 38.2 138.1 98.0 57.4 107.9 90.2 48.1 151.9 79.7 17.5 60.6 34.1 83.8 193.6
32.2 154.2 104.9 126.5 67.1 19.2 89.7 136.8 51.6 70.8 118.9 66.5 111.8 33.0 123.4 142.0 48.1 67.5 17.3 78.0 48.7 115.1 50.4 44.6 121.4 115.4 86.2 111.5 26.8 108.3 102.0 76.8
111.0 63.3 104.1 77.7 160.6 111.0 126.9 126.0 91.0 101.2 107.0 100.6 108.6 78.5 102.3 103.8 72.3 47.8 73.7 163.1 120.0 80.8 69.1 92.5 113.8 68.8 57.2 101.7 151.4 84.6 112.5 176.3
12.5 94.0 46.2 122.8 138.4 113.3 140.3 9.1 129.4 40.3 98.3 45.0 96.2 58.9 81.7 75.2 11.8 78.3 87.3 69.6 121.1 110.7 141.5 98.1 95.2 99.4 55.8 171.5 104.4 91.4 74.1 66.3
76.4 28.1 167.0 68.7 94.6 163.8 91.0 30.8 153.1 141.1 120.1 170.4 140.5 138.2 96.3 84.6 53.1 127.1 133.2 19.1 111.6 116.2 86.3 45.4 32.2 158.7 112.2 50.9 85.9 104.5 18.9 145.6
111.9 78.9 80.8 177.1 104.9 155.1 135.3 130.1 68.9 88.6 75.2 108.0 109.6 23.4 147.1 94.5 136.4 68.6 69.1 134.1 160.1 28.7 110.1 75.6 178.6 136.0 83.1 126.4 93.8 12.1 56.8 9.9
64.3 173.8 86.6 86.3 107.6 107.4 15.5 95.1 59.8 41.1 123.1 47.4 74.1 155.6 120.3 167.4 94.2 68.5 53.3 78.3 69.7 84.3 46.7 125.0 151.4 130.8 65.7 40.9 97.1 134.5 170.9 124.8
141.4 67.4 39.8 164.6 123.5 15.8 143.7 142.7 104.9 141.7 47.2 46.5 160.9 98.1 99.9 166.1 129.8 131.3 171.2 79.9 115.6 21.8 82.8 128.2 157.9 107.4 81.5 165.3 69.7 33.1 10.0 77.0
80.1 142.1 64.5 79.6 150.2 160.8 118.7 93.8 144.4 176.8 116.4 122.7 74.4 106.2 100.6 84.8 93.2 67.5 160.7 107.8 108.4 117.6 76.3 135.1 131.1 110.6 132.6 133.7 85.8 116.6 41.8 163.6
22.6 63.1 48.9 162.7 115.6 99.2 94.8 128.6 143.3 127.1 192.6 106.8 83.4 79.8 58.2 120.8 137.5 38.0 94.5 49.6 110.7 25.4 103.9 24.8 107.3 193.2 78.3 77.0 114.6 100.2 71.8 44.2
14.6 33.9 155.8 96.6 147.2 39.5 170.5 120.4 110.5 88.2 102.1 136.1 92.3 104.0 109.5 156.5 107.4 160.8 92.6 77.3 177.3 101.0 39.9 133.1 120.2 189.3 47.3 182.5 137.4 162.8 89.2 91.7
64.4 83.3 80.1 178.0 172.8 60.3 113.3 54.5 88.3 190.0 135.7 125.1 91.7 119.3 96.8 43.2 131.9 94.5 141.3 153.4 77.4 158.1 116.4 64.7 107.2 187.6 91.8 156.4 36.4 95.8 121.2 77.1
25.9 22.3 61.5 133.6 142.6 80.9 138.5 166.2 100.5 99.2 101.6 113.4 73.0 78.5 141.5 96.8 39.0 25.9 160.0 59.1 166.7 189.0 171.2 149.7 157.3 147.7 168.1 97.1 82.2 38.8 16.0 124.0
84.5 169.4 160.2 34.9 76.5 97.5 64.6 66.3 167.8 100.7 69.8 147.5 78.7 98.5 93.7 133.6 68.1 73.5 119.8 99.5 73.7 86.1 126.1 181.4 150.6 1.4 135.8 127.7 160.2 148.2 105.2 43.3
170.2 136.3 143.5 143.5 166.1 108.8 178.7 67.1 79.0 130.6 98.3 110.4 113.5 96.3 41.8 42.6 90.0 108.0 187.0 132.6 61.9 136.9 177.4 29.8 79.8 155.5 50.0 105.0 57.9 53.9 112.6 105.8
131.2 159.7 150.7 142.1 109.4 21.9 130.1 153.0 41.6 146.7 129.2 114.8 141.7 65.4 74.9 89.7 69.7 139.0 90.1 119.2 16.7 118.9 140.1 46.9 145.6 97.9 126.3 37.9 73.8 70.2 91.0 144.0
89.3 130.7 9.6 173.2 171.4 32.4 80.2 69.1 72.8 49.9 117.8 145.7 166.0 133.4 117.1 35.3 171.5 105.8 130.7 92.9 137.2 54.5 72.6 94.0 96.1 161.3 129.8 88.6 95.8 152.3 67.2 140.0
84.9 40.3 95.5 102.7 50.0 56.5 52.8 81.0 148.9 153.3 88.8 73.0 160.8 109.4 65.2 34.3 109.7 156.7 118.8 36.1 107.5 54.7 138.3 77.3 79.7 68.5 72.9 74.2 159.0 107.6 60.5 83.9
57.4 126.8 69.6 117.2 178.1 146.5 184.9 101.5 69.0 138.1 48.5 118.2 47.6 93.8 113.2 56.5 139.0 118.8 84.4 53.9 47.8 70.6 68.4 48.4 155.4 127.3 72.1 108.5 113.2 135.5 136.2 171.7
41.2 83.7 94.3 33.1 165.5 71.9 153.1 62.7 112.0 94.9 182.1 67.8 79.0 124.2 57.0 166.4 90.8 84.0 140.5 135.7 80.7 156.2 156.6 121.2 106.6 51.9 74.8 119.9 132.0 114.2 125.7 133.6
90.2 81.0 125.3 98.0 103.6 70.9 77.8 94.0 141.8 107.4 187.8 145.2 140.6 121.8 92.2 61.3 158.9 98.9 57.1 55.1 153.5 192.9 195.5 138.6 46.9 87.7 95.3 75.9 174.4 89.8 75.2 88.0
55.7 43.2 154.0 99.1 101.8 56.2 59.1 64.3 21.6 154.2 128.6 56.7 136.0 103.9 93.1 86.5 107.3 112.4 180.7 76.1 95.0 99.0 62.6 78.0 131.7 133.1 96.3 94.3 24.4 14.4 81.3 67.0
